k	pvalue
0	1.0000000000022995
1	0.9999999999986781
2	0.9999999953433039
3	0.999999925194291
4	0.9999994172742243
5	0.9999970031189317
6	0.999988344070987
7	0.999962950547046
8	0.9998989065063139
9	0.9997552695627088
10	0.9994621524026002
11	0.9989090333365876
12	0.9979324573651235
13	0.9963047503343581
14	0.9937256926948337
15	0.9898192618036956
16	0.9841373392396097
17	0.9761717463726257
18	0.9653751834970813
19	0.9511905436052843
20	0.9330869507174225
21	0.910599974914667
22	0.8833727370164903
23	0.8511941863864474
24	0.8140308613712587
25	0.772048841468656
26	0.725623318914353
27	0.6753341868680145
28	0.6219471922321029
29	0.5663814593714369
30	0.5096654130512069
31	0.45288421645449084
32	0.3971226882238117
33	0.3434081656871583
34	0.2926578819358228
35	0.24563505591043333
36	0.20291708436260184
37	0.16487804117598126
38	0.1316862322762651
39	0.1033160498534525
40	0.0795720013574869
41	0.060121712079341735
42	0.044534079410834836
43	0.0323186363810125
44	0.02296254545301831
45	0.015962402736671034
46	0.010849018823680287
47	0.007204398010450712
48	0.004671108862491638
49	0.0029549974855852595
50	0.0018226766279645615
51	0.0010954184319656045
52	0.0006410239593639058
53	0.00036500847838281367
54	0.0002021077327207544
55	0.00010875227735957128
56	5.683314959736926e-05
57	2.882799655959944e-05
58	1.4184931408114476e-05
59	6.7670577282771745e-06
60	3.128246782081094e-06
61	1.4005790250754757e-06
62	6.070226938645193e-07
63	2.545580594339489e-07
64	1.0324231309994146e-07
65	4.047956172688554e-08
66	1.5337653503723317e-08
67	5.61425896754379e-09
68	1.984900468984533e-09
69	6.777143350168409e-10
70	2.234694579349936e-10
71	7.117173526527443e-11
72	2.189818479260732e-11
73	6.510588669073188e-12
74	1.8706684845456712e-12
75	5.193570067750413e-13
76	1.3923202987959148e-13
77	3.599312199494343e-14
78	8.952238504203259e-15
79	2.1354511163068986e-15
80	4.865312907188582e-16
81	1.0535783373550098e-16
82	2.1565224147729468e-17
83	4.1472376054150174e-18
84	7.445659231671437e-19
85	1.239526592656318e-19
86	1.8998213640779003e-20
87	2.660376147542452e-21
88	3.3752755122029556e-22
89	3.843855343973793e-23
90	3.88822194842549e-24
91	3.452025360081172e-25
92	2.654043872775463e-26
93	1.741244951936231e-27
94	9.591120699732185e-29
95	4.349774026766511e-30
96	1.5828506571994248e-31
97	4.460721391615202e-33
98	9.243312028493495e-35
99	1.2884792088620902e-36
100	1.027145690160844e-38
101	3.2820600876018633e-41
